Webots Project File version R2023b
perspectives: 000000ff00000000fd00000002000000010000028f000003aafc0200000001fb0000001400540065007800740045006400690074006f00720000000016000003aa0000004100ffffff0000000300000780000000cbfc0100000001fb0000001a0043006f006e0073006f006c00650041006c006c0041006c006c0100000000000007800000006900ffffff000007800000032900000001000000020000000100000008fc00000000
simulationViewPerspectives: 000000ff000000010000000200000168000006160100000002010000000101
sceneTreePerspectives: 000000ff00000001000000030000001e000002cb000000000100000002010000000201
maximizedDockId: -1
centralWidgetVisible: 1
projectionMode: PERSPECTIVE
orthographicViewHeight: 0.796941
textFiles: -1
consoles: Console:All:All
renderingDevicePerspectives: TurtleBot3Burger:camera;1;0.424545;0;0.593197
