Webots Project File version R2023b
perspectives: 000000ff00000000fd00000002000000010000028f000003a1fc0200000001fb0000001400540065007800740045006400690074006f00720000000016000003a10000004100ffffff00000003000007800000009dfc0100000001fb0000001a0043006f006e0073006f006c00650041006c006c0041006c006c0100000000000007800000006900ffffff00000780000003cf00000001000000020000000100000008fc00000000
simulationViewPerspectives: 000000ff000000010000000200000168000006160100000002010000000101
sceneTreePerspectives: 000000ff00000001000000030000001e000001bb000001100100000002010000000201
maximizedDockId: -1
centralWidgetVisible: 1
projectionMode: PERSPECTIVE
orthographicViewHeight: 0.796941
textFiles: -1
consoles: Console:All:All
renderingDevicePerspectives: TurtleBot3Burger:camera;1;1.40104;0;0.538458
